function pt = trackInfo

% x, y, z, yaw

k = 1;  pt{k} = [ 5.31 ,  -1.52 ,  1.13 ,    0.0]; 
k = 2;  pt{k} = [11.11 ,  -1.52 ,  1.63 ,    0.0]; 
k = 3;  pt{k} = [15.42 ,  -2.18 ,  2.13 ,  -70.0];
k = 4;  pt{k} = [15.42 ,  -4.75 ,  2.13 , -120.0]; 
k = 5;  pt{k} = [13.00 ,  -7.31 ,  2.63 , -120.0]; 
k = 6;  pt{k} = [13.85 , -10.10 ,  2.63 ,  -20.0]; 
k = 7;  pt{k} = [16.00 ,  -8.17 ,  2.63 ,   90.0];  
k = 8;  pt{k} = [12.90 ,  -4.13 ,  3.13 ,  150.0]; 
k = 9;  pt{k} = [10.00 ,  -3.51 ,  2.63 ,  175.0];
k = 10; pt{k} = [ 8.07 ,  -3.42 ,  2.63 ,  180.0]; 
k = 11; pt{k} = [ 3.13 ,  -4.56 ,  2.63 ,  225.0]; 
k = 12; pt{k} = [ 1.33 ,  -6.17 ,  2.53 ,  -90.0]; 
k = 13; pt{k} = [ 2.95 ,  -7.93 ,  2.33 ,  -90.0]; 
k = 14; pt{k} = [ 1.42 , -10.10 ,  2.13 ,  -70.0];  
k = 15; pt{k} = [ 3.56 , -11.10 ,  1.63 ,    0.0];  
k = 16; pt{k} = [ 7.31 , -11.20 ,  1.63 ,   10.0]; 
k = 17; pt{k} = [ 8.45 , -11.10 ,  2.06 ,    0.0]; 
k = 18; pt{k} = [ 8.93 , -10.10 ,  2.50 ,   10.0];  
k = 19; pt{k} = [ 8.21 ,  -9.21 ,  2.94 ,   70.0];  
k = 20; pt{k} = [ 7.12 ,  -9.31 ,  3.37 , -130.0]; 
k = 21; pt{k} = [ 6.65 , -10.30 ,  3.37 ,  -70.0];  
k = 22; pt{k} = [ 7.31 , -11.20 ,  3.37 ,  -10.0];  
k = 23; pt{k} = [10.92 ,  -9.69 ,  3.13 ,   85.0]; 
k = 24; pt{k} = [ 9.30 ,  -7.12 ,  2.63 ,  125.0];  
k = 25; pt{k} = [ 6.65 ,  -5.41 ,  2.53 ,  140.0];  

end